Equation	Q11345	2001-03-24	32274	7	8	0	1984	1699847	570	399	364	0	0	Equations					
Emergency_management	Q1460420	2005-02-01	89049	11	113	0	1277	2158530	723	437	414	0	0	Emergency management					
Reproductive_health	Q1981388	2006-06-18	100	0	0	0	44	1019949	342	67	53	0	0	Reproductive health					
Energy	Q11379	2001-11-04	59721	7	26	0	1687	7366932	2469	1929	1769	0	0	Energy					
Self	Q3236990	2002-07-03	20105	0	29	0	1539	1154901	387	480	317	0	0	Self					
Measurement	Q12453	2001-05-10	29061	5	22	0	1846	3072614	1030	704	752	0	0	Measurement					
Ecology	Q7150	2001-09-28	210600	23	261	0	2704	4641684	1556	1099	1012	1	0	Ecology					
Weather	Q11663	2001-12-11	45460	8	71	0	3457	5239079	1756	2390	2606	1	0	Weather					
Energy_conservation	Q380170	2004-02-20	97962	6	78	0	1692	2076236	696	510	391	0	0	Energy efficiency					
Marriage	Q8445	2001-11-12	237125	43	368	0	3568	7100799	2380	1794	1976	0	0	Marriage					
Hazard	Q1132455	2002-10-03	32527	2	21	0	1409	2067362	693	412	378	0	0	Hazards					
Declaration_of_independence	Q1464916	2001-08-31	32305	38	18	0	864	761035	255	170	201	0	0	Declarations of independence					
Population	Q2625603	2001-03-02	18344	5	24	0	359	3879144	1300	806	933	0	0						
Spreadsheet	Q183197	2001-07-26	80221	8	79	0	1784	3735087	1252	1147	948	0	0	Spreadsheet software					
Human_population	Q33829	2005-03-08	90	0	0	0	58	240794	81	80	56	0	0	Human populations					
Nationalism	Q6235	2001-10-06	183590	21	235	0	4013	7574495	2538	2257	1876	0	0	Nationalism					
Identity_(social_science)	Q844569	2004-08-05	62405	1	77	0	2591	1980604	664	389	362	0	0	Identity (social science)					
Ghana_Independence_Act_1957	Q96379430	2020-05-16	6482	0	3	0	357	20300	7	17	18	0	0						
Nation-building	Q1752412	2004-03-04	26995	1	34	0	2366	1009881	338	317	294	0	0						
Robotics	Q170978	2002-03-30	147590	28	197	0	2697	4246609	1423	1144	1079	0	0	Robotics					
Relation_(mathematics)	Q107223533	2009-04-22	33773	7	26	0	4567	222830	75	146	152	0	0						
Biophysical_environment	Q2249676	2008-05-22	6037	1	5	0	782	221695	74	122	118	0	0	Environment					
Resource	Q1554231	2007-03-30	12783	0	6	0	2957	2812986	943	624	635	0	0	Resources					
